Bombay_2400000000000 0.754277 54.140961 1.000000 302.799011 291.499634
Egyptian_Mau_7000000 0.279578 91.302361 28.834488 315.262512 351.897034
Bengal_1900000000000 0.010565 1.000000 1.000000 383.501495 181.402161
Egyptian_Mau_5000000 0.069709 61.735878 1.000000 258.604370 327.343811
Bengal_2400000000000 0.175007 38.279602 1.000000 268.008789 316.792786
Birman_1500000000000 0.999930 51.588913 42.992714 354.515015 263.987793
Egyptian_Mau_5700000 0.007498 1.000000 1.000000 372.718567 240.203781
Abyssinian_570000000 0.012863 96.625076 25.822296 355.166870 385.646606
Bombay_5600000000000 0.082780 25.868561 7.966232 307.653015 308.463196
Bombay_2600000000000 0.006975 1.000000 78.370911 278.686279 357.093079
Egyptian_Mau_6000000 0.128002 39.249207 47.014816 387.665131 286.394409
Egyptian_Mau_6000000 0.529500 19.797668 1.000000 410.483368 183.447968
Birman_7000000000000 0.999881 77.428391 88.431099 348.476868 310.799866
Birman_7000000000000 0.135996 92.775688 1.000000 334.928894 253.423874
Birman_4800000000000 0.999989 70.226891 79.975662 322.207642 310.108643
Birman_4800000000000 0.079986 51.871132 1.000000 305.710144 288.839844
Birman_4100000000000 0.998959 115.387398 23.781891 314.059082 338.217865
Egyptian_Mau_3900000 0.443160 31.446686 1.000000 371.075684 318.671204
British_Shorthair_21 0.007948 166.933807 126.419571 342.428619 316.831543
Birman_4600000000000 0.999994 15.746399 93.019409 320.987640 325.656219
Abyssinian_490000000 0.392603 82.163971 1.000000 396.239044 315.823761
Bombay_5200000000000 0.012796 1.000000 98.864265 350.251617 351.631165
Birman_9000000000000 0.999465 164.741318 20.431137 251.014023 327.261597
Bombay_2100000000000 0.243552 59.046844 8.237984 357.516388 242.133667
Birman_3800000000000 0.999932 118.736801 10.280472 358.134155 318.967224
Birman_4500000000000 0.999026 56.530502 76.291977 292.536072 312.181458
Birman_4500000000000 0.009554 1.000000 15.108398 218.013245 356.238464
Bombay_3400000000000 0.007272 112.730431 132.590332 269.747681 277.897797
