Bengal_1900000000000 0.999956 171.324371 129.489136 321.037079 296.671906
Bengal_2400000000000 0.538412 1.000000 81.736824 404.275818 328.453339
Egyptian_Mau_1600000 0.374199 108.786850 24.196716 320.104004 387.034790
Bengal_1200000000000 0.992497 70.687668 54.319443 308.159058 382.827637
Bengal_1100000000000 0.995177 84.477814 1.000000 349.373169 294.979675
Abyssinian_600000000 0.007235 267.467712 37.196800 416.000000 260.303192
Abyssinian_490000000 0.035087 82.163971 1.000000 396.239044 315.823761
Egyptian_Mau_4300000 0.006001 15.911652 1.000000 301.640900 310.354187
Birman_9000000000000 0.008922 162.864288 13.434448 250.029114 305.987183
Bombay_2100000000000 0.014811 67.971939 54.128777 347.856323 258.474762
Bengal_3900000000000 0.998156 64.322517 1.000000 304.853699 370.893677
