Bombay_2400000000000 0.999831 51.342529 56.307312 362.707947 358.255859
Egyptian_Mau_7000000 0.189896 44.460037 4.495728 331.971680 373.358368
Egyptian_Mau_5000000 0.013822 61.454231 1.000000 273.210541 349.306396
Bombay_4900000000000 0.987152 1.000000 46.236229 322.302002 283.991852
Bombay_4900000000000 0.070017 69.322495 101.889503 416.000000 270.817657
Bombay_1900000000000 0.839991 79.736130 108.553192 386.772705 384.926239
Egyptian_Mau_2300000 0.062225 1.000000 27.681412 305.976898 372.528870
Bombay_1500000000000 0.989946 66.343063 59.638428 395.363098 402.427795
Bombay_4800000000000 0.999897 70.236282 84.198837 362.316956 351.188477
Bombay_5600000000000 0.977269 1.000000 22.737976 291.385132 321.994598
Bombay_2600000000000 0.956732 1.000000 43.372185 327.415894 261.843781
Bombay_3200000000000 0.997872 34.084351 77.009369 381.198456 362.562103
Abyssinian_600000000 0.311103 1.000000 120.717087 308.560120 416.000000
Abyssinian_600000000 0.008264 11.280289 135.704651 414.134766 416.000000
Bombay_2000000000000 0.992234 62.642700 51.290558 365.245972 341.593506
Bombay_2000000000000 0.024632 1.000000 67.630615 297.986115 411.285461
Abyssinian_400000000 0.061525 89.083878 1.000000 386.430725 327.463562
Abyssinian_400000000 0.009337 90.927338 1.000000 416.000000 356.636475
Bombay_5200000000000 0.966627 1.000000 41.375381 315.253540 354.214783
Bombay_1000000000000 0.704159 14.160049 54.208313 360.602051 378.912415
Bombay_2100000000000 0.999673 68.350159 36.285934 363.107361 379.340576
Bombay_4300000000000 0.857575 97.350830 142.261047 280.762787 326.441315
Bombay_4300000000000 0.027046 163.291534 135.894730 364.351227 333.038879
Bombay_3400000000000 0.981378 109.338638 127.003036 290.464661 283.610840
Bombay_3400000000000 0.005930 47.026352 78.545570 352.125854 303.791718
