Egyptian_Mau_7000000 0.999989 107.199036 107.344154 317.084167 352.146606
Egyptian_Mau_5000000 0.999980 78.942314 7.440338 273.571045 322.251190
Egyptian_Mau_3000000 0.998420 119.594017 1.000000 301.593384 394.624146
Egyptian_Mau_1600000 0.990953 108.786850 24.196716 320.104004 387.034790
Egyptian_Mau_2300000 0.999863 78.143906 39.589668 353.228943 265.348389
Egyptian_Mau_5700000 0.999992 85.586411 94.176338 330.073425 302.438904
Egyptian_Mau_5700000 0.851409 41.786896 1.000000 269.924316 315.841248
Egyptian_Mau_6000000 0.907273 72.667358 46.063828 308.576111 343.234985
Abyssinian_400000000 0.035652 89.083878 1.000000 386.430725 327.463562
Egyptian_Mau_3900000 0.997123 79.508888 59.576279 328.905975 329.684021
Egyptian_Mau_4300000 0.997798 108.292709 61.631226 368.662231 326.000671
Egyptian_Mau_4300000 0.041426 11.157913 1.000000 416.000000 249.983551
Egyptian_Mau_9000000 0.997103 78.415878 70.415787 287.635254 341.063599
Egyptian_Mau_2100000 0.999999 161.448700 51.056534 385.160980 364.289795
Bombay_4300000000000 0.009884 100.376846 112.740242 373.854126 325.505127
Egyptian_Mau_1300000 0.999999 113.555267 48.746460 315.927582 346.695770
