Bengal_1900000000000 0.033489 1.000000 1.000000 278.436035 216.360992
British_Shorthair_31 0.999838 33.073730 66.653152 342.002716 361.830627
Egyptian_Mau_5700000 0.068014 1.000000 1.000000 416.000000 252.405228
Egyptian_Mau_5700000 0.064493 1.000000 1.000000 324.950806 216.661453
British_Shorthair_58 0.999920 5.071991 106.624458 357.052826 345.115387
British_Shorthair_60 0.913090 111.391022 51.115814 300.640472 386.310883
British_Shorthair_49 0.938640 83.109558 208.255188 395.690857 319.089417
British_Shorthair_32 0.999961 103.276093 30.503342 311.048981 361.412903
Egyptian_Mau_6000000 0.018499 39.249207 47.014816 387.665131 286.394409
Egyptian_Mau_6000000 0.010230 19.797668 1.000000 410.483368 183.447968
British_Shorthair_25 0.999764 86.066475 34.228958 336.931854 380.467590
British_Shorthair_10 0.999920 83.520401 54.414520 325.800232 339.821442
British_Shorthair_21 0.996048 176.181473 83.684296 369.618530 355.238434
Egyptian_Mau_4300000 0.073178 94.904526 1.000000 416.000000 338.831818
Egyptian_Mau_4300000 0.974573 14.539200 1.000000 296.472107 310.293304
Egyptian_Mau_2100000 0.144180 1.000000 64.265457 343.678467 353.369080
Bombay_4300000000000 0.006884 100.376846 112.740242 373.854126 325.505127
British_Shorthair_63 0.996478 168.601746 153.045532 398.351501 271.337433
British_Shorthair_63 0.011153 186.551544 189.508362 354.186249 229.019623
