Abyssinian_140000000 0.999771 1.000000 122.732391 318.028870 303.832367
Abyssinian_540000000 0.989174 78.635925 42.964638 343.537720 292.877258
Egyptian_Mau_2300000 0.058221 46.790924 32.347778 336.993134 275.992249
Egyptian_Mau_2300000 0.195787 1.000000 27.681412 305.976898 372.528870
Egyptian_Mau_5700000 0.006552 1.000000 1.000000 372.718567 240.203781
Abyssinian_570000000 0.974693 42.418564 51.136993 337.977783 352.681671
Bombay_2600000000000 0.926511 1.000000 88.913681 286.432953 375.934143
Abyssinian_120000000 0.983628 161.451859 120.282852 258.446655 326.502380
Abyssinian_120000000 0.006745 101.394180 134.434601 302.149231 306.855499
British_Shorthair_32 0.007293 82.175720 38.556770 339.927856 281.184998
Egyptian_Mau_6000000 0.036988 44.593781 23.272491 275.822357 346.597351
Abyssinian_600000000 0.994119 56.736740 69.901733 369.602600 352.352081
Abyssinian_400000000 0.999565 59.161804 127.684021 398.382904 336.074646
Abyssinian_490000000 0.005678 82.163971 1.000000 396.239044 315.823761
Abyssinian_490000000 0.999775 98.714645 128.157776 375.402832 365.042206
Abyssinian_490000000 0.005248 6.689651 149.914429 416.000000 416.000000
Egyptian_Mau_4300000 0.010874 1.000000 1.000000 320.627258 276.443695
Bombay_2100000000000 0.012928 67.971939 54.128777 347.856323 258.474762
